rmsd,cst,nocst,filename
21.217414856,140.585180166,-3.666545,10/manual_0.pdb
26.0438976288,-9.57299493728,-9.57299493728,10/manual_1.pdb
18.0624065399,-1.21610886077,-1.21610886077,10/manual_2.pdb
24.3578796387,2.73084,2.73084,10/manual_3.pdb
12.0417451859,-3.51425017179,-3.51425017179,10/manual_4.pdb
20.9569282532,-9.81051,-9.81051,10/manual_5.pdb
0.0,-40.6142747931,-40.6142747931,10/manual_6.pdb
17.562040329,2.73084,2.73084,10/manual_7.pdb
15.9718255997,2249.75785773,-25.6035015852,11/manual_0.pdb
8.9718875885,0.637700954034,0.637700954034,11/manual_1.pdb
20.5606060028,-7.48030271044,-7.48030271044,11/manual_2.pdb
17.2144527435,-2.5447468533,-2.5447468533,11/manual_3.pdb
0.0,-10.13129,-10.13129,11/manual_4.pdb
11.2062520981,-0.81014,-0.81014,11/manual_5.pdb
20.0362071991,2.73084,2.73084,11/manual_6.pdb
17.9608592987,28.5927967313,-28.7245370372,12/manual_0.pdb
0.0,-8.151178,-8.151178,12/manual_1.pdb
20.2886238098,4.51422,4.51422,12/manual_2.pdb
22.2098140717,616.13305388,2.73084,13/manual_0.pdb
0.0,1.45255612764,1.45255612764,13/manual_1.pdb
21.9466247559,285.550222459,-10.0983007531,14/manual_0.pdb
0.0,-1.93556,-1.93556,14/manual_1.pdb
8.58526325226,2.31852,2.31852,14/manual_2.pdb
18.0068416595,1791.9963686,-21.9209810322,15/manual_0.pdb
17.5023365021,-5.08116489424,-5.08116489424,15/manual_1.pdb
20.0839557648,-0.7825061859,-0.7825061859,15/manual_2.pdb
0.0,-21.0701731761,-21.0701731761,15/manual_3.pdb
13.0958738327,-15.228447256,-15.228447256,15/manual_4.pdb
10.5367794037,-7.09005,-7.09005,15/manual_5.pdb
16.1801586151,524.199531463,2.73084,16/manual_0.pdb
18.5180168152,-3.52202427033,-3.52202427033,16/manual_1.pdb
0.0,-39.5462491685,-39.5462491685,16/manual_2.pdb
12.5856027603,-16.8529986178,-16.8529986178,16/manual_3.pdb
23.2899742126,2.73084,2.73084,16/manual_4.pdb
19.8672046661,-3.02017571306,-3.02017571306,16/manual_5.pdb
17.2500133514,-3.28562901887,-3.28562901887,16/manual_6.pdb
23.8012046814,2.73084,2.73084,16/manual_7.pdb
22.9648723602,2.78804,2.78804,16/manual_8.pdb
17.1781082153,30.1519870372,2.73084,17/manual_0.pdb
18.6222400665,-3.1168240773,-3.1168240773,17/manual_1.pdb
16.4287204742,1.1376389865,1.1376389865,17/manual_2.pdb
0.0,-22.7434461304,-22.7434461304,17/manual_3.pdb
20.6197013855,8.11529700972,8.11529700972,17/manual_4.pdb
19.994474411,-1.48357111685,-1.48357111685,17/manual_5.pdb
16.371465683,93.1946847262,11.9677411103,18/manual_0.pdb
19.7927303314,-1.50960125202,-1.50960125202,18/manual_1.pdb
9.95231437683,2.73084,2.73084,18/manual_2.pdb
0.0,-20.0247126229,-20.0247126229,18/manual_3.pdb
15.3390636444,2.73084,2.73084,18/manual_4.pdb
29.7359142303,2.73084,2.73084,18/manual_5.pdb
17.986207962,-2.88948147217,-2.88948147217,18/manual_6.pdb
12.9004564285,2.73084,2.73084,18/manual_7.pdb
12.2031574249,-5.87720429918,-5.87720429918,18/manual_8.pdb
15.5885982513,4.33823,4.33823,18/manual_9.pdb
0.0,6564.37019884,1.79029,19/manual_0.pdb
12.7624931335,87.6532582096,-6.7323,1/manual_0.pdb
0.0,-10.1990159463,-10.1990159463,1/manual_1.pdb
20.9474716187,-7.23881961233,-7.23881961233,1/manual_2.pdb
7.32500553131,2.31852,2.31852,1/manual_3.pdb
14.7845001221,50.5844452316,-49.7816164031,20/manual_0.pdb
16.0052318573,2.73084,2.73084,20/manual_1.pdb
0.0,-29.0147485888,-29.0147485888,20/manual_2.pdb
22.7791576385,7.05287227317,-19.2998564454,22/manual_0.pdb
0.0,-23.6698536685,-23.6698536685,22/manual_1.pdb
10.160487175,-2.426375,-2.426375,22/manual_2.pdb
23.8367061615,-18.1641810507,-18.1641810507,22/manual_3.pdb
18.5969429016,322.26721971,-26.3330433617,23/manual_0.pdb
13.2650661469,2.73084,2.73084,23/manual_1.pdb
0.0,-6.80775,-6.80775,23/manual_2.pdb
0.0,2707.61454813,-33.2451612281,24/manual_0.pdb
15.4817047119,329.966992936,-5.46443,25/manual_0.pdb
0.0,2.73084,2.73084,25/manual_1.pdb
19.7418766022,2.73084,2.73084,25/manual_2.pdb
20.0215244293,-8.17303282947,-27.0430917944,26/manual_0.pdb
19.8925151825,-5.96670745762,-5.96670745762,26/manual_1.pdb
14.5489606857,-1.30763296683,-1.30763296683,26/manual_2.pdb
19.7766399384,-4.94786680569,-4.94786680569,26/manual_3.pdb
23.9383563995,-4.04182,-4.04182,26/manual_4.pdb
0.0,-8.31348806137,-8.31348806137,26/manual_5.pdb
0.0,105.66009389,-38.350719066,27/manual_0.pdb
0.0,8.20093148199,-22.1771132163,28/manual_0.pdb
0.0,649.606129065,-3.3254424284,29/manual_0.pdb
11.3618736267,792.916910382,-0.411268554508,2/manual_0.pdb
19.0278072357,2.79618,2.79618,2/manual_1.pdb
22.6549606323,-4.54465,-4.54465,2/manual_2.pdb
0.0,-28.645782433,-28.645782433,2/manual_3.pdb
22.0471401215,31.6533874866,-15.8701108507,30/manual_0.pdb
0.0,-2.32949568679,-2.32949568679,30/manual_1.pdb
6.69536542892,-0.720372346685,-0.720372346685,30/manual_2.pdb
20.4259204865,43.8936258716,-9.38617918625,3/manual_0.pdb
0.0,1.73017,1.73017,3/manual_1.pdb
0.0,2129.12180144,-1.97914499983,4/manual_0.pdb
17.8858966827,240.984252685,-10.5526989731,5/manual_0.pdb
0.0,-20.0419887984,-20.0419887984,5/manual_1.pdb
9.00516223907,-3.78339813526,-3.78339813526,5/manual_2.pdb
4.84377908707,-4.69455346234,-4.69455346234,5/manual_3.pdb
21.1374988556,806.504458881,-15.2779585532,6/manual_0.pdb
13.2575321198,2.73084,2.73084,6/manual_1.pdb
14.4306316376,2.52522,2.52522,6/manual_2.pdb
10.2500667572,-1.40667,-1.40667,6/manual_3.pdb
0.0,-22.7462693839,-22.7462693839,6/manual_4.pdb
11.3258018494,-5.72898315656,-5.72898315656,6/manual_5.pdb
8.24646568298,229.231569915,-8.30229951483,8/manual_0.pdb
18.4864711761,2.73084,2.73084,8/manual_1.pdb
18.3671989441,-5.16076160523,-5.16076160523,8/manual_2.pdb
0.0,-23.3286525679,-23.3286525679,8/manual_3.pdb
19.0789356232,-5.23298610779,-5.23298610779,8/manual_4.pdb
21.0334243774,-6.9204,-6.9204,8/manual_5.pdb
25.297498703,2.78804,2.78804,8/manual_6.pdb
27.4990825653,-3.95508,-3.95508,8/manual_7.pdb
21.5604705811,2.73084,2.73084,8/manual_8.pdb
21.592716217,-2.79952625539,-2.79952625539,8/manual_9.pdb
15.8475017548,-6.22619727037,-6.22619727037,8/manual_10.pdb
12.6097888947,-0.704154762234,-0.704154762234,8/manual_11.pdb
16.4805164337,1.87062,1.87062,8/manual_12.pdb
23.9126243591,6.24354,6.24354,8/manual_13.pdb
23.0534992218,-0.936958556546,-0.936958556546,8/manual_14.pdb
18.1924858093,136.703070053,-4.88798805516,9/manual_0.pdb
0.0,-3.80169,-3.80169,9/manual_1.pdb
